A = 90.0°, B = 53.13010235415599°, C = 36.86989764584401°
a = 5.0, b = 4.0, c = 3.0
Area = 6.0
2P = 12.0
Inradius: 1.0
Incenter: (1.0, 1.0)
Circumradius: 2.5
Circumcenter: (1.5, 2.0)
